2792
4755
3866
3780
2084
1361
3789
4354
2735
3447
4674
1020
3347
4430
1288
281
4068
2822
2656
4109
2983
3509
2268
3250
4344
3020
254
1622
3654
4192
3510
3383
3115
1534
3571
2689
2216
3375
4829
3182
79
4479
4075
1734
4956
2612
3283
3774
4008
3784
3147
3872
384
4093
3120
415
512
3070
2424
2576
4480
2489
2481
3439
280
2707
4550
129
3449
3942
4754
2
1830
405
1866
4880
1474
681
2803
4826
3114
1170
883
3954
3312
3198
1756
4749
3672
1868
3825
1872
4519
664
4470
96
1457
1053
3451
2997
2620
492
207
2271
3483
1611
4551
2031
3526
2020
1777
2211
550
4429
1320
3521
3356
2908
80
4745
3445
4683
2993
4320
4619
3219
3524
1286
4445
1408
1057
1094
3693
2321
4290
163
2386
1243
1805
987
4908
2712
1165
109
549
1216
4235
1890
882
1428
4895
4123
2328
1529
3063
149
2029
4856
2788
3743
2431
3178
4273
1606
4766
2985
2470
4163
2916
2456
4775
3000
3166
1493
920
1711
1003
2368
3535
3080
1907
3608
2824
2669
232
3333
2398
749
3335
3925
1561
421
4411
1825
4027
2864
4723
1356
4598
131
1841
1335
1689
1498
868
451
1826
1256
2353
1100
3422
2292
2496
3321
4780
1672
1969
2949
2195
1077
1137
4859
2700
140
2243
698
1491
4671
4952
1180
395
1732
558
253
474
433
2313
4304
791
2581
2218
2699
4605
2342
3790
4601
1525
4762
4271
222
4337
4262
2749
3939
3841
3933
2634
4141
1842
4969
4627
4394
1723
36
3762
1127
4184
4009
1368
3485
574
4056
2978
1469
3793
843
4566
493
4314
3965
3392
673
62
3799
1731
3806
4997
3874
98
2235
4018
1698
2995
1559
432
1369
4611
2567
2617
3112
1093
1218
555
4350
3833
4617
278
1476
23
4542
3481
524
3444
1577
2334
693
2604
2642
1700
3412
108
3492
3777
4143
2167
584
1497
4168
1375
2014
490
4539
4297
2298
2928
1049
1079
3331
1984
726
4425
961
270
3288
1246
2556
3588
667
4751
331
4420
2825
4802
4371
1903
685
1047
4915
4345
967
132
2222
4495
2221
2244
1177
1938
3953
4797
3583
2155
2654
2452
485
1755
1709
4197
1233
4072
2859
3139
3201
618
4102
734
604
1543
1722
1025
4475
3009
4214
4452
1977
3858
3015
4139
696
4501
107
4720
4899
2129
2886
2755
4651
4331
2618
1947
2635
2116
2723
4088
3859
2177
84
4443
4381
683
4920
4120
2267
4586
2233
467
3099
1573
1446
2279
3879
4050
4289
630
2984
3832
1888
2095
1724
4941
289
319
4306
1439
3003
2396
3432
861
527
824
3052
1199
535
1386
3170
1555
4635
1309
1774
620
2360
653
3537
3353
985
93
1991
3898
2726
2042
3576
1930
1300
2560
2798
1306
2302
1610
3243
237
3554
1342
4873
641
2912
3272
2203
3301
3998
4831
3626
3270
101
3458
489
2402
212
4760
4798
3001
4545
2294
3870
2791
3038
369
3440
1547
2363
3149
2372
4737
4079
271
4993
275
1407
4568
3327
273
2103
3704
1742
4882
1790
1331
3320
4510
3573
1873
1289
313
2287
836
3906
4883
1349
1008
3032
4652
662
1638
3489
2821
4535
1585
2285
748
3303
2283
581
3985
1879
4230
4113
4996
1116
2721
3505
1315
4446
4159
3126
2004
875
2344
4710
4277
2374
4338
4981
4912
394
1461
4365
4693
72
2509
2125
1550
2648
2554
1239
4210
372
2005
3017
3259
2008
1554
1254
2133
2764
617
2796
3796
2570
2288
4910
1135
2657
2086
3441
4538
708
2827
4892
3363
894
1067
4435
839
1238
4386
2918
4298
873
521
4514
3597
4552
1970
4129
3912
3949
2514
2660
1614
3467
1344
4806
2684
4017
3151
2577
2001
4991
2544
2138
3417
1588
3536
2186
2454
3727
3958
202
4837
576
4523
1490
2361
318
3497
68
1043
788
4491
4534
1414
2239
97
764
4953
3921
2499
2260
3423
2390
3989
4353
1898
901
707
3450
4821
4148
4875
2096
859
2622
3803
4492
3722
1651
1105
3315
1460
2410
4922
3785
1892
4549
3360
758
602
1737
1283
3465
3128
4255
1891
3888
648
3726
1541
4608
1120
4349
1591
3856
3194
2765
1187
3778
1539
2174
1925
2337
89
4814
3078
1718
4369
3026
1745
4264
3282
3468
1565
1149
561
2725
3426
2641
807
4666
2412
3355
850
2423
1983
1435
2826
2378
1092
3116
3037
4131
420
246
1247
1667
2385
587
687
1426
4781
3141
1102
3618
1692
3857
1874
1703
4039
3864
844
1391
1197
4484
2026
2331
4126
2161
903
3402
3902
1415
4801
1797
4949
1974
4807
4990
1419
3656
1753
1506
2447
3977
1345
1632
283
391
1488
2091
3403
208
3935
963
94
2484
2043
3279
1544
2783
712
4854
3429
3092
1980
3579
2865
1278
4373
2960
60
2039
1384
1041
2273
2062
3948
431
3048
4548
531
1895
4187
671
3675
265
4216
2480
1396
3827
4299
1640
4076
4663
3113
790
4809
4372
82
900
487
2628
2933
1952
3747
2165
2192
2587
3351
2909
1971
3846
4790
2980
2419
3294
1549
33
3538
2263
2465
872
2747
2143
4403
1068
889
1185
3252
1966
2519
996
1076
2483
1101
953
3616
470
955
2737
171
231
3689
4707
1838
4086
1746
632
854
4124
3027
694
2047
554
1786
4893
4233
1992
1338
2462
4097
2471
1576
1402
4070
592
566
4136
65
2869
4078
3962
347
3685
4388
2651
3372
1226
364
1030
4963
3802
2189
2681
4673
1761
3384
3810
1007
1910
335
2063
4869
2667
1668
1360
591
296
274
2349
2631
1014
2521
442
3586
1374
4714
103
3941
311
3873
962
2982
4438
4876
879
3602
1878
2488
3530
452
3581
3343
4929
3871
4472
4688
1584
2855
3712
3322
1896
2022
2485
3517
1589
2901
3865
2566
1060
940
3361
2126
3551
3544
104
3698
2857
2600
2957
1612
3174
1517
2961
