2469
1045
4554
3065
142
1299
3893
2965
487
1108
1897
1314
3240
3514
2909
815
1753
2493
93
3081
231
4673
3865
2485
119
318
1878
1024
265
3384
712
2704
1571
3487
4807
4438
3586
4648
4042
3729
2486
3996
2529
1758
4315
2982
3603
2918
3156
364
4032
1537
2662
2628
3068
2706
3394
1690
2944
2385
1877
601
2471
1910
3857
3810
3712
1360
1704
592
591
1016
296
4548
2165
1349
2087
3022
3951
4556
4471
3497
1385
1743
4949
1703
1974
1992
1746
1226
3517
3343
4472
1816
4056
4131
3802
4676
1883
1278
4757
330
2483
2600
996
2895
3941
4484
2869
4611
4893
3698
1544
4640
872
4017
3149
4373
3294
3949
2865
4097
75
1396
576
2126
621
2667
764
2837
3921
3888
3616
4386
743
632
2783
1212
4253
1962
2444
4309
2421
3864
4439
225
2750
2933
2121
2062
3595
3456
3277
974
1338
617
631
2780
1014
4990
2980
4814
4403
3330
3367
1761
4216
1426
900
531
335
3429
104
554
2651
2260
2189
3902
3301
1068
2383
3372
1668
1402
4963
470
2480
2961
4929
3530
311
3048
2419
3322
3778
2133
1506
1667
2423
1152
694
3538
3747
1549
2022
2394
1565
3128
3871
2587
2063
3205
4039
2344
1970
3252
641
1782
4187
82
4353
4076
2273
2465
1239
3037
2681
2737
1745
3675
33
1651
3579
4809
3785
1283
4666
2521
2026
391
873
1971
3092
790
2410
3656
3536
113
4714
4821
4129
1874
2857
2781
2257
4663
807
4869
65
2412
2316
4148
271
1570
574
1991
1927
1786
2091
4299
4545
3727
1797
4781
4876
4707
854
3803
953
3846
2648
620
222
1692
2086
1345
1030
1105
3422
2047
4790
1092
3465
859
1102
3505
2764
2725
4124
4534
2096
4688
2390
671
4088
3027
1185
1460
2641
3403
2014
4549
2560
2192
587
94
3026
2519
1718
3689
279
1541
4388
566
4491
4298
1977
431
3827
1368
648
1966
850
3597
3858
4365
3704
4854
2239
331
4523
1342
4651
3116
208
2577
1925
2361
2765
1135
1898
2499
2484
1640
581
653
527
2747
708
1591
2001
1873
4693
60
2488
1187
103
2186
2008
2143
955
1879
3777
4608
4737
68
2331
4210
420
2043
3870
1588
861
2622
1414
3912
3282
1197
4372
283
132
3423
3977
3402
3288
1419
707
1435
2721
237
4113
2660
3468
4501
1149
3790
1737
4912
4993
2642
3017
1614
2984
2928
3618
4981
1983
4078
4163
687
4126
2337
844
2167
3194
4079
1490
1632
1491
3126
2294
2796
3355
4277
836
3003
3078
4710
4875
3796
558
3467
3722
3303
1984
2161
485
4883
1008
901
4922
2372
521
3360
313
2288
4338
535
2349
1892
372
3998
1043
1344
4264
2125
3426
1539
1638
4991
4837
673
1554
4953
3099
4798
3537
4882
1300
758
3726
683
489
4143
4535
3353
1555
4230
1610
2004
985
4552
2174
97
4514
2454
3141
3001
4568
1391
4214
1742
3856
1049
3315
2244
433
3032
2978
3440
4723
3583
467
1947
3151
3259
84
2177
1585
2788
662
2657
4510
4435
4495
1547
1672
4369
4446
4899
3441
2827
1790
2285
4475
1309
4635
1289
2287
202
4586
2912
4873
1550
4892
2283
2509
4997
3327
2279
369
1047
748
3576
967
4411
696
4538
3038
319
3052
2402
273
270
734
2360
1709
1067
2222
3243
4492
3588
3985
3898
1774
3626
289
3989
3958
894
1093
3554
1331
2396
2302
4072
618
1461
4102
2864
693
1888
1116
2233
4539
1315
1306
2618
1930
2363
2155
3874
3573
2791
4425
4720
2723
2821
1177
2235
2374
4566
1722
2005
4760
3906
843
1254
685
1543
4420
4920
2042
1386
630
2514
4797
2570
3743
3170
3139
961
2825
726
875
3201
3489
1841
3270
394
1238
3458
2755
2635
4627
3009
4751
1180
490
1969
3481
421
1025
2313
1842
2095
1529
4159
2726
3272
3608
1689
3432
4601
2567
2298
1497
584
4381
4443
2116
4802
824
1723
1700
2798
1724
4331
3492
4831
3953
555
4184
2604
4910
493
1903
101
4306
1375
1446
2221
3832
2203
4050
1407
604
23
1127
2218
2617
3331
4371
3793
2749
2886
3412
4345
4762
4969
1100
4304
1698
2554
451
667
1218
4139
62
2556
3859
2859
1755
2195
4197
2470
2995
1079
1233
1077
1199
4314
1577
2452
3392
4350
1559
2129
278
3444
2398
4394
4337
3526
4262
3524
749
1938
4168
98
1573
1335
1525
131
3965
4956
4542
107
2267
1003
3015
36
432
3321
524
1826
3933
108
3939
3219
2431
3445
474
4775
1369
2342
2654
3762
1246
4297
1731
3806
163
2334
2700
140
3799
4452
4320
791
253
3000
4617
4915
1216
3112
3833
2634
4141
3333
4120
395
1732
4598
1890
4009
1498
3841
2328
698
4018
4271
1469
4952
2824
1137
1476
4671
2949
4683
4519
1907
3335
415
4605
2699
2496
1611
3063
4766
1606
550
280
3485
2243
3166
1256
664
232
1825
3080
4273
1356
2292
3283
1561
4470
1457
2712
4780
4859
2353
2211
3356
3925
3535
920
2271
4619
4027
882
2669
3510
2456
4754
2368
2321
1756
2916
3178
1320
4856
2029
4235
2993
2985
3439
2620
109
2489
1243
868
1711
1805
681
3198
1428
3872
80
1534
549
4745
1165
987
129
4123
149
4908
1493
3825
4290
2386
4895
2612
4551
2020
4445
1408
3182
1053
4826
2908
207
3312
4109
3954
3693
1170
1057
3483
3120
1094
1777
3521
2031
1286
2997
2707
4429
492
96
2
3020
4479
4749
1474
3070
2424
3672
1868
2803
3114
3451
3774
3942
1872
2216
883
1830
1734
4192
4550
4829
4480
405
4093
384
2576
1866
254
3147
512
3383
4880
3449
2481
2689
3571
3375
3250
3784
2983
4008
3115
4344
2656
1622
79
1288
3654
4075
2268
2822
3509
4430
4674
3789
1020
4068
281
1361
3447
2735
3347
4354
3780
2084
3866
4755
2792
